14 0.638782209708842 0.7830749234581957 0.28457922433401844 0.28776775214770656
14 0.3858173076923077 0.7836538461538461 0.29086538461538464 0.42788461538461536
14 0.14348786264817776 0.813487398670721 0.0812848582621393 0.24353156594632325
14 0.9423076923076923 0.9314903846153846 0.11057692307692307 0.13221153846153846
14 0.8473924734128999 0.22191470879668967 0.2651903101486238 0.26816159760577496
14 0.13744773185101927 0.19430293288770248 0.2172031560097309 0.38558234004753716
14 0.4050806909617655 0.2575025954136064 0.2905673932427747 0.42001078566891026
14 0.6283404454512722 0.32077546967812515 0.21262811988842253 0.21443428182465987
14 0.14201254261372218 0.5123716174370038 0.18510837072205594 0.18660619150707938
14 0.29668717472820666 0.5996352955495797 0.143888942702217 0.16105852250950511
14 0.8449519230769231 0.6550480769230769 0.30528846153846156 0.38221153846153844