4 0.8044684599485272 0.17496576851794438 0.13546834732984245 0.22912471157108383
4 0.6861201937400205 0.18287173557300293 0.1488870897741859 0.2595925092813212
27 0.10350367881922208 0.1755265708482957 0.20700735763844416 0.25970698785043755
4 0.3449616867100136 0.29616152561122694 0.24717804638177 0.24442539808308705
4 0.5598819956112263 0.3084822200090909 0.15972575984530069 0.15737372322770668
4 0.8797878087436067 0.3413233804108898 0.1899994156000696 0.18903009157843018
4 0.7146468562719333 0.3716728700132003 0.1855967531963227 0.18467645853369333
4 0.12700740396609264 0.4061012084297885 0.2540148079321853 0.2749218154356035
4 0.07461462206650182 0.6099931435137089 0.14922924413300365 0.19594782548895628
27 0.2779370325157391 0.6754502857684846 0.3149763962575886 0.2701923484518274
4 0.03229043138165247 0.802159652379411 0.06458086276330494 0.24855007398959117
4 0.38456236177782316 0.8416972486311239 0.17476462190542724 0.17109854201845293
27 0.21033653846153846 0.8485576923076923 0.31009615384615385 0.2980769230769231
27 0.5349410405970452 0.8698222690108839 0.24909289193116363 0.24689220235500725
4 0.22100561016796588 0.14014426133887056 0.18058493351022206 0.2702991679433229