18 0.6883712469305023 0.29172888123066576 0.1958595212762822 0.11449304894579947
18 0.3534263594509083 0.2851067892448011 0.25040815086463686 0.1639062017480666
18 0.7491398073990388 0.37637601318406966 0.1599007466531252 0.167777025904635
18 0.5156879847136221 0.399650378173271 0.211695339241373 0.17619872411806162
18 0.28659625321367554 0.4040301605275852 0.21692215513162408 0.16876443403842928
18 0.7767300979060902 0.47910253127398994 0.21957727444719558 0.15395051219931724
18 0.37014540200347257 0.4878703326575836 0.166637211391827 0.17364793632012704
18 0.608601747426603 0.5249442614614479 0.12974026697996793 0.1350688445433176
18 0.7683186462457269 0.5817114960486395 0.16544927584997338 0.17416485120961794
18 0.47312114551501117 0.5814687127095727 0.15555414053319985 0.16147324724862258
18 0.24489563625032099 0.5715094647897806 0.17711932071199266 0.18578060206714603
18 0.6520408384947655 0.6383787706033702 0.28565557107735057 0.18317047764513597
18 0.8422244353500005 0.6636773719099504 0.24852134103883555 0.16017436254384138
18 0.07799718391789581 0.6186371647031323 0.12175991655913469 0.1273110028634705
18 0.5326598078364856 0.664829874937083 0.18016609100950867 0.187793603304957
18 0.29400864186143216 0.6709411302534789 0.23981514620296493 0.19856448935207693
18 0.562933695198772 0.7797437170941752 0.23123483918271914 0.24236327000646604