13 0.78125 0.18629807692307693 0.4326923076923077 0.37259615384615385
13 0.20484272605447743 0.2347066810854699 0.3883283512498722 0.37757873114802387
28 0.5323803717419339 0.3077102333719547 0.08335829071408003 0.07876943155224365
28 0.4599976942203006 0.37317458586762786 0.13544530798777915 0.1105934229596155
28 0.18316722419272533 0.4181263406013888 0.12266508497693926 0.11869915872654929
28 0.48720955536987604 0.04916292611709384 0.12826526458590592 0.09832585223418767
28 0.953125 0.5649038461538461 0.0889423076923077 0.11538461538461539
28 0.33361868280829554 0.6023532573951387 0.1038488623314609 0.10325549421292735
28 0.10341636311303996 0.6185417785541133 0.1478739745326586 0.11868567366100433
28 0.6779952631943503 0.05521944719054431 0.09360357652277046 0.09101246288258553
13 0.539310945271923 0.7154978572905445 0.5173180022080798 0.5024273806098829
28 0.9927884615384616 0.7463942307692307 0.009615384615384616 0.06971153846153846
28 0.139370178824265 0.7994167116264421 0.15235905002923486 0.14700080364404372
28 0.8579107652277049 0.8705399045793262 0.11428311849814293 0.11910429477403858
28 0.10878240527904884 0.9505522984862714 0.12279617602524251 0.09829444148899569